0,310
0,305
0,308
0,307
0,302
0,304
0,303
0,12
0,10
0,8
0,0
0,415
0,491
0,300
0,484
0,412
0,299
0,421
0,501
0,298
0,546
0,411
0,297
0,563
0,410
0,296
0,333
0,409
0,295
0,535
0,543
0,294
0,334
0,407
0,293
0,534
0,292
0,496
0,478
0,291
0,330
0,404
0,290
0,493
0,542
0,289
0,514
0,490
0,288
0,538
0,403
0,287
0,477
0,402
0,286
0,476
0,401
0,285
0,489
0,329
0,284
0,530
0,283
0,488
0,472
0,282
0,487
0,469
0,281
0,486
0,280
0,574
0,394
0,279
0,393
0,498
0,278
0,391
0,422
0,277
0,575
0,388
0,276
0,560
0,275
0,465
0,387
0,274
0,462
0,386
0,273
0,418
0,385
0,272
0,482
0,419
0,271
0,464
0,384
0,270
0,527
0,460
0,269
0,526
0,520
0,268
0,497
0,381
0,267
0,525
0,368
0,266
0,547
0,524
0,265
0,573
0,380
0,264
0,427
0,379
0,263
0,395
0,378
0,262
0,432
0,475
0,261
0,544
0,377
0,260
0,523
0,414
0,259
0,473
0,572
0,258
0,481
0,374
0,257
0,557
0,420
0,256
0,516
0,471
0,255
0,470
0,373
0,254
0,463
0,372
0,253
0,457
0,371
0,252
0,519
0,455
0,251
0,564
0,370
0,250
0,466
0,406
0,249
0,518
0,397
0,248
0,461
0,367
0,247
0,499
0,517
0,246
0,559
0,533
0,245
0,392
0,366
0,244
0,540
0,365
0,242
2,5
2,1
0,322
0,344
175,1
0,375
0,408
1,0
0,430
1,1
0,435
0,439
0,443
0,446
0,447
0,494
0,529
0,532
0,539
0,553
0,555
0,558
2,2
3,0
3,1
172,0
172,1
172,3
174,1
174,2
175,2
176,0
176,2
176,3
177,1
177,3
178,0
178,2
178,3
179,0
179,2
179,3
180,1
180,2
180,4
181,1
181,2
181,4
182,0
182,2
182,3
184,0
184,2
184,3
186,0
186,1
186,3
189,0
189,1
189,3
189,4
192,1
192,2
192,4
192,6
194,0
194,2
194,3
196,0
196,2
196,3
197,0
197,1
197,3
198,0
198,2
201,0
201,1
201,3
201,4
206,0
206,2
206,3
206,5
209,0
209,2
209,4
209,5
210,1
210,2
210,3
210,0
209,3
209,1
206,4
206,1
201,5
201,2
198,3
198,1
197,2
196,4
196,1
194,4
194,1
192,5
192,3
192,0
189,2
186,4
186,2
184,4
184,1
182,4
182,1
181,3
181,0
180,3
180,0
179,1
178,4
178,1
177,2
177,0
176,1
174,3
174,0
172,2
3,3
2,4
0,566
0,554
0,536
0,511
0,479
0,444
175,4
0,434
1,3
175,5
175,3
175,0
0,319
0,243
2,3
2,0
0,9
0,568
0,364
0,241
0,390
0,363
0,240
0,565
0,413
0,239
0,456
0,362
0,238
0,459
0,537
0,237
0,515
0,389
0,236
0,567
0,359
0,235
0,562
0,234
0,451
0,458
0,233
0,358
0,232
0,357
0,231
0,405
0,356
0,230
0,355
0,229
0,417
0,354
0,228
0,480
0,353
0,227
0,513
0,522
0,226
0,571
0,352
0,225
0,453
0,383
0,224
0,561
0,551
0,223
0,361
0,349
0,222
0,531
0,452
0,221
0,510
0,360
0,220
0,416
0,348
0,219
0,569
0,347
0,218
0,396
0,346
0,217
0,556
0,492
0,216
0,449
0,398
0,215
0,506
0,343
0,214
0,342
0,213
0,505
0,341
0,212
0,474
0,340
0,211
0,483
0,339
0,210
0,454
0,338
0,209
0,528
0,337
0,208
0,521
0,336
0,207
0,445
0,450
0,206
0,431
0,335
0,205
0,442
0,468
0,204
0,441
0,467
0,203
0,351
0,332
0,202
0,428
0,438
0,201
0,507
0,448
0,200
0,382
0,331
0,199
0,437
0,570
0,198
0,436
0,503
0,197
0,552
0,328
0,196
0,504
0,550
0,195
0,541
0,545
0,194
0,512
0,327
0,193
0,549
0,326
0,192
0,376
0,325
0,63
0,324
0,62
0,323
0,61
0,440
0,321
0,60
0,509
0,426
0,59
0,369
0,320
0,58
0,425
0,495
0,57
0,424
0,433
0,56
0,317
0,55
0,400
0,502
0,54
0,500
0,423
0,53
0,316
0,52
0,345
0,315
0,51
0,399
0,314
0,50
0,508
0,313
0,49
0,350
0,312
0,48
0,429
0,311
0,47
0,318
0,309
0,46
0,548
0,306
0,45
0,485
0,301
0,6
0,5
0,1
0,11
0,4
0,2
0,3
0,7
